=======
Prepend
=======
		  |---------------Vector-------------|   |-----------------List-------------|
   Size        Time  Creates   Copies Destroys        Time  Creates   Copies Destroys
	100        0 ms      100      227      227        0 ms      100      100      100
	500        0 ms      500    1,011    1,011        0 ms      500      500      500
  1,000        2 ms    1,000    2,023    2,023        0 ms    1,000    1,000    1,000
  5,000       53 ms    5,000   13,191   13,191        0 ms    5,000    5,000    5,000
 10,000      230 ms   10,000   26,383   26,383        1 ms   10,000   10,000   10,000
 50,000    5,356 ms   50,000  115,535  115,535        5 ms   50,000   50,000   50,000

======
Append
======
		  |---------------Vector-------------|   |-----------------List-------------|
   Size        Time  Creates   Copies Destroys        Time  Creates   Copies Destroys
	100        0 ms      100      227      227        0 ms      100      100      100
	500        0 ms      500    1,011    1,011        0 ms      500      500      500
  1,000        0 ms    1,000    2,023    2,023        0 ms    1,000    1,000    1,000
  5,000        0 ms    5,000   13,191   13,191        0 ms    5,000    5,000    5,000
 10,000        0 ms   10,000   26,383   26,383        0 ms   10,000   10,000   10,000
 50,000        2 ms   50,000  115,535  115,535        5 ms   50,000   50,000   50,000

===
Get
===
		   |---------------Vector-------------|   |-----------------List-------------|
	Size        Time  Creates   Copies Destroys        Time  Creates   Copies Destroys
	 100        0 ms        0   10,000   10,000        5 ms        0   10,000   10,000
	 500        0 ms        0   10,000   10,000       25 ms        0   10,000   10,000
   1,000        0 ms        0   10,000   10,000       50 ms        0   10,000   10,000
   5,000        0 ms        0   10,000   10,000      279 ms        0   10,000   10,000
  10,000        1 ms        0   10,000   10,000      520 ms        0   10,000   10,000
  50,000        4 ms        0   10,000   10,000    2,624 ms        0   10,000   10,000

======
Remove
======
			|---------------Vector-------------|   |-----------------List-------------|
	 Size        Time  Creates   Copies Destroys        Time  Creates   Copies Destroys
	  100        0 ms        0        0      100        0 ms        0        0      100
	  500        1 ms        0        0      500        1 ms        0        0      500
	1,000        7 ms        0        0    1,000        8 ms        0        0    1,000
	5,000      193 ms        0        0    5,000      202 ms        0        0    5,000
   10,000      760 ms        0        0   10,000      815 ms        0        0   10,000
   50,000   18,964 ms        0        0   50,000   20,147 ms        0        0   50,000

======
Insert
======
			 |---------------Vector-------------|   |-----------------List-------------|
	  Size        Time  Creates   Copies Destroys        Time  Creates   Copies Destroys
	   100        0 ms      100      227      227        0 ms      100      100      100
	   500        1 ms      500    1,011    1,011        2 ms      500      500      500
	 1,000        5 ms    1,000    2,023    2,023        8 ms    1,000    1,000    1,000
	 5,000      143 ms    5,000   13,191   13,191      218 ms    5,000    5,000    5,000
    10,000      588 ms   10,000   26,383   26,383      875 ms   10,000   10,000   10,000
    50,000   14,558 ms   50,000  115,535  115,535   22,511 ms   50,000   50,000   50,000

Done! Total time: 89.2332 seconds



